1.413979131863277949e+00	3.007031566410849788e+00
-3.495290231193861175e+00	-2.341723704110306947e+00
-6.317955157684273182e+00	1.384495604360696630e+00
2.446579019228019014e+00	2.695469812953613431e+00
-4.947723553906634208e+00	4.526984310555220437e-01
6.357764309487853316e-01	-1.404539720233236366e+00
5.592255759854783959e-01	1.504626978890744038e+00
-1.830459986944062978e-01	-2.944968176719958919e+00
-2.179226106130723317e-01	-1.634901744400110823e+00
4.428762096870550558e+00	-3.906547186801433147e-02
-4.382019684406645688e+00	3.810065586707890084e+00
-3.215074236256748819e+00	4.418880579830181787e+00
-6.215590550055350993e-01	1.459033612814954139e+00
6.308583684955531012e-01	-2.034492904446435713e+00
3.134921308456471767e+00	1.581534227477763288e+00
-1.562626535356391955e+00	3.123155271647553910e+00
-6.263739387310216511e-01	4.856548066558291410e+00
-5.230232312802157502e+00	-5.525108528883475589e-01
-5.466736016697558931e+00	-7.902015987087636362e-02
1.629773520253260388e+00	1.514640319567384985e+00
-5.932874673096929286e+00	-1.300204834482370453e+00
-4.246358435501949580e-01	2.284765764320498604e+00
-1.839181280377648164e+00	6.579626988940818322e+00
-5.373420972463837098e-01	-1.196020475006173561e-01
-3.999092807775438185e+00	2.562778383307135588e+00
4.712593866288870559e-01	-2.540551583275586500e-01
-4.333995972544840924e+00	2.454516906718022806e+00
-1.189728119714396293e+00	5.549048043343528747e+00
-3.938579164984847836e-01	-2.290993477498770581e+00
-1.793421709877465853e+00	4.215909140450298409e+00
-2.240689708507381361e+00	-6.232645963362059005e-01
3.709002226606233243e+00	-5.258727634309547927e-01
-3.985088774273822576e+00	4.804563758078368885e+00
-3.143088937351924406e-01	-3.129479146445931725e+00
5.725481567806025573e-01	-1.419380335603016796e+00
-1.233658262129230243e+00	3.722082941291359859e+00
-4.563378599868845420e+00	-4.109244589362460176e-01
-3.500743618879989416e+00	2.545981010354910978e+00
-4.810049957954959376e-01	3.485067957458972465e+00
-1.527802703501065951e+00	-2.025052784594378430e+00
-1.636004050387364739e+00	4.346266842659225915e+00
-7.818479920814576101e-01	5.336516185203318940e+00
1.126640225961482500e+00	3.955361939318069453e-01
-2.021878068910851312e+00	4.655224353935980552e+00
2.164743145743640795e+00	3.825281469854791894e+00
3.577869082677931800e+00	-1.030652978517100582e+00
1.496406831914425251e-01	4.397414783185623066e-01
-2.916120919672004597e+00	3.826188065070955435e+00
7.754272186517392473e-01	2.680079441275480256e+00
-9.444134201162908138e-01	2.371248563026726042e-01
1.678539786072014844e-02	4.256440228525140590e+00
2.916161716955673278e+00	-2.664253647446686649e-03
-4.367558989293132576e+00	6.479648742927697214e-01
-3.830645578424656694e+00	-4.699995657388303938e-01
-1.963500744667516562e+00	-9.770659713160191329e-01
-2.325361387054877937e+00	3.087835795863467681e+00
-3.993584611230181380e+00	-1.555028493159556158e+00
-2.153348520381582754e-01	9.069920092525673994e-02
-6.573018173786435714e-01	4.870367567918783003e+00
8.955903729675219749e-01	1.005948883055156617e+00
1.813674627418286667e+00	1.208761164073812289e+00
3.728763039034133087e+00	2.797935476358129336e-01
-3.110143571792575834e+00	1.435158737953547980e+00
-3.756454730243295792e+00	3.478605939359477706e+00
-2.082536299988492434e+00	-2.168305612079618694e+00
-1.028622980687960764e+00	3.277312709120516310e+00
-3.980417648829338351e+00	1.132050073092029541e+00
-3.917128400277424483e+00	4.297945901926305545e+00
-5.791722476754928906e+00	3.074105757649249204e-01
-3.095713386397716871e+00	5.660630014416683231e-01
-2.350721269877800168e+00	-3.799562280301898021e+00
2.101385746730826565e+00	-7.491478762102453670e-01
-6.967969303131877012e+00	-4.736357652918327110e-01
3.425812718858171735e+00	4.199102687890585162e-01
1.764810350197923317e+00	-2.073534720258088271e+00
-2.193372236947274789e+00	5.688281076428462590e+00
2.475933723327321534e+00	2.589488651661778107e+00
7.478921412335697294e-01	-1.418165568409097466e+00
3.310134231236105506e+00	7.413622001783932713e-01
-1.108373537221822858e+00	2.240457793519814889e+00
-4.516962973917173940e+00	1.913363607836323865e+00
3.301865510380044277e+00	1.158001111547759532e+00
-1.171515040519414130e+00	-2.035423137413515882e+00
-4.608526040177256533e+00	1.916379247776561767e-01
-6.108685146860574733e+00	-1.443741037071180733e+00
-1.515934747799937421e+00	5.248039624091946465e+00
-5.449538259631711234e+00	-9.642591577431450789e-01
-4.661308263090041315e+00	9.730384968289922110e-02
-1.554642538541804786e+00	-2.352857148381448216e+00
-7.264878472556161704e+00	-5.144380484209242210e-01
-2.464261897670961154e+00	-2.553330571281299921e+00
-5.104283623205441156e-01	-5.113440639605285609e-01
-1.828377824520214912e+00	3.622114885095207626e+00
1.576034090572993263e+00	4.476547481121751382e+00
1.743246705874980540e+00	1.071366595166982849e+00
-2.410176022581066224e+00	-1.505910440192287814e+00
3.823255219895427715e+00	4.400219132593410798e+00
-3.699431710571142062e+00	-1.015655148548758380e+00
-7.436114449922123448e+00	-2.134149513571495793e-01
-2.707296903952720601e+00	1.663823420524545904e+00
3.472540342668646307e-01	2.104632590916486912e+00
-3.992406419147124019e+00	4.983600148043771938e+00
-7.147009822068310925e+00	-3.730599406269103357e-01
1.708291873990281928e+00	2.251230319290400850e+00
-3.540430755657288792e-02	1.620285716087112471e+00
1.209405475319351719e+00	1.619575587709696896e+00
-4.044613210048447982e+00	4.537700616889290273e-01
-1.702151589850996682e+00	4.302814423590759496e+00
9.331681420771693602e-01	-1.502708001847886221e+00
-1.607310259740548419e+00	6.507819820600632355e+00
-4.213764458245011779e-01	-5.304027743142006868e-01
-1.248742794191459060e+00	8.601258707000734513e-03
3.345826723470481490e+00	1.411464956933773385e+00
-6.746009188231830933e+00	9.730212360799265214e-01
2.416401117518801378e+00	5.184180190736623617e-01
-1.294261854416694613e+00	-3.544496035312953985e+00
-3.336667983646410818e+00	-1.154350716356782325e+00
1.780935936052674196e+00	8.758484731710095561e-01
-4.694171217145246544e+00	-1.193514083338897525e+00
-4.099985163058790683e+00	-1.342038913490305907e+00
1.452569103011497997e+00	1.773134642780378467e+00
7.101585683912671199e-01	-2.557517576399063852e+00
2.839121769138301943e+00	-1.419473008519986701e+00
-1.240784427825663450e+00	2.324874204093188457e+00
-2.095829946984837822e+00	2.389825897217629613e+00
3.717058186561738697e+00	-1.238046289465315614e-01
2.722777471396510940e+00	3.449870815826297843e+00
-4.083589669280689449e+00	-1.038302425132550777e+00
-2.445661628640026120e+00	-2.045782912256532526e+00
-1.411262512284708448e+00	5.288236101116645216e+00
2.660420962743463402e+00	3.289134796626173252e+00
-7.560908494410721881e-01	-1.291072327628383531e+00
1.833268069017353730e+00	2.642682632726504277e+00
-2.598817237460344209e+00	1.958013731056767792e+00
2.551772905508645550e+00	-4.884978514637700608e-01
-1.784903092084577425e+00	3.606568634970203080e-01
3.683658982425825457e+00	1.946054890608103216e+00
-1.685885177005470359e+00	-1.482757449683018480e+00
2.964349529233915259e+00	2.158012796487630780e+00
-1.269503069312232668e+00	-2.812074658628956669e+00
-1.832388862046058664e+00	5.769101358051681672e+00
1.939734598799414567e+00	2.574295296302724911e-01
-2.847880336527000011e+00	-1.183378207554249162e+00
-3.470627200226696019e+00	4.222243847902087399e-01
-5.581399166412840174e+00	9.973354838098719144e-02
-1.786685689822132383e+00	1.297375737316662558e+00
1.803570037168729323e+00	7.595588728714494087e-01
2.004506412790019620e+00	-4.501412508088371012e-01
-4.186277096855948621e+00	-4.977143536395784995e-01
-1.322073046784580264e+00	1.256676702550934277e-01
-3.981968649435084551e+00	3.641982566381250841e+00
2.652850676268358132e+00	3.334611856335053304e+00
-1.237542740409564690e+00	2.943516501598546498e-01
-9.937052720411627682e-01	-4.761670372290204845e-01
-3.486086229138886328e+00	2.104329023812626431e+00
-1.027351457458133277e+00	4.049364542046333781e+00
2.022516473421788863e+00	3.382500045615494333e+00
1.117509015142667872e+00	-2.495145215405214056e+00
-2.219036076820984693e+00	-3.706203349309480810e+00
1.986682098030149390e+00	2.054793804457325734e+00
1.322547853229395776e-01	-2.629741751886384704e-01
-7.014095191814491592e+00	-2.701819712557625985e-01
-1.465642917844449000e+00	-1.486413023022460589e+00
-2.427401661116422193e+00	-3.149201869526426112e+00
4.051103043584795144e-02	-2.257428287784577936e+00
-5.585062586364454518e+00	3.155621717457451347e-01
-5.116682079274890604e+00	-4.810075858553596317e-01
1.259846392179337249e+00	4.682231566077977192e+00
-6.729448442897593141e-01	5.230502134593105756e-01
-7.348827966212791551e+00	-3.646696197095574132e-01
-2.010837574241906844e-01	2.039758872860378547e-01
-4.252867236647259297e+00	4.712120526733195369e+00
-6.417750627839384769e+00	1.669154572748832999e-01
2.712814490984135407e+00	-4.458459919427830154e-01
1.619057064089122422e+00	-2.869842942213243764e-01
2.769145691940569254e+00	-1.543901325453667317e+00
2.217749336353245670e+00	-1.345717993637469245e+00
1.218082664453792763e+00	4.548261352355172704e+00
3.546475405640236112e+00	2.812248541411399017e-01
3.886410467125982926e+00	1.330744271724414007e+00
-1.737161160503586821e+00	6.187046285849993055e+00
6.567311392869198960e-02	-2.633013048491898545e+00
-4.876590505616107407e+00	-1.283967502861118881e-01
-2.689603319285791994e+00	2.726054909748205191e+00
1.368534970096345837e+00	2.731566012376685837e+00
-5.091290075667825654e+00	-4.719295855874756085e-01
3.369272353476150172e+00	-2.645387031958486013e-01
-7.928469314533167500e-01	4.257310080108918982e+00
-6.151174133187768955e-01	1.617128712066247642e+00
3.075653506922523484e+00	-3.004230473981231997e-01
-3.718161428460587725e+00	3.195716195606534971e+00
-6.685952369519066352e+00	9.142303604318987587e-01
-3.824856965447857693e+00	2.655713065832072672e+00
-1.505344771936932613e+00	-2.202158485946764443e+00
-2.212223361346774997e+00	2.229344436010088915e-02
-1.770255037146678090e+00	9.789626465904593955e-01
-1.744695167030583249e+00	5.916904455270797669e+00
-6.003040130449688316e-01	6.880163976150570626e-01
2.226942267165995748e+00	-5.734387483844429756e-01
-2.483482766622095994e+00	-3.697149092294437001e+00
-1.993470902464242966e+00	-3.495762121988617577e-01
-2.218198304990698588e+00	4.594231949609968169e+00
-6.205953632271282494e+00	-4.800638040757305158e-01
1.364382494045217387e+00	-7.318388031824387685e-01
-5.604875861674683435e+00	-1.259182469907451640e+00
-3.412286921274706453e-01	1.854869672009452353e-01
-4.401536548563170115e+00	-1.588375201402933978e+00
-9.179524017156024396e-01	3.996263994714723822e+00
2.261002960250344973e+00	-8.686937688285607806e-02
-5.446960303504809531e+00	-1.036847502969446166e+00
-5.132362318998770156e+00	-8.810874654405447259e-01
-3.865977208426332190e+00	4.251456770967637411e+00
3.785814370874914125e+00	4.328824179399731520e+00
-3.768716167517617843e-01	-2.307561309278749029e+00
-3.963346747601782516e-01	4.517965939128911756e+00
-8.054836337902662180e-01	4.659548974159994472e+00
-3.768173913267349739e+00	2.694454284320582094e+00
-1.887705677525507220e+00	-1.802302075657566505e+00
4.469973099542937783e-02	-1.271387826612365990e-01
-7.398099578781207608e-01	6.300293575915378863e-01
-6.653015684235289662e+00	-2.951042037460802070e-01
-1.486069596490821265e+00	6.610249445792597101e+00
-1.153247480711957262e+00	1.538039985137189980e+00
3.313478093584496964e+00	1.022999015042067361e+00
-5.983909438440031536e+00	1.784789535585112219e+00
-1.751317346813352938e+00	-3.366199182286515046e-01
-6.116799539152341758e+00	-3.316095721427832488e-01
-5.541794742941893226e+00	1.066465119211328083e-01
2.142688382036016304e+00	2.061796016411862276e+00
-1.794871979428847464e+00	-2.751516886408820195e+00
2.751395446867610062e+00	8.879773313827814263e-02
3.778250908046506762e+00	-9.657113360634123067e-01
-1.060371387709789559e+00	6.138332979530386702e+00
-1.082164246549916387e+00	4.909229847822927262e+00
-2.028158538401276800e+00	1.706657495295212934e-01
9.710746411278613488e-01	2.412461755805872077e+00
-2.117884680226678196e+00	3.289458062487257806e+00
-2.346511444561756310e+00	-4.393866098107572504e-02
-2.577154737237670634e+00	-1.739072447289732093e+00
-3.287734117675234380e+00	-7.461088838566160009e-01
-3.151802497064403408e+00	3.445747338132613358e+00
-3.422567646059144320e+00	3.840161021565041910e+00
-1.234071783931040001e+00	-2.740548892489560018e+00
-1.063277741094203810e+00	5.627092201990181231e+00
-5.663639061064690283e-01	-3.392268751655652004e+00
-2.457277699911576629e+00	-1.857681165178496130e+00
-1.438033743329272696e+00	4.812918914739880094e+00
4.266438991015283344e-01	4.431627206410753139e+00
-1.344925015831809123e+00	-1.107450179983742178e+00
-1.691905605861343753e+00	-7.818811002431289570e-01
3.538700367834348715e+00	8.660078208366210895e-01
-4.087174625821935692e+00	5.050901537138103414e+00
-4.732428253128779794e-01	-1.775990059911984442e+00
-4.539700861994974801e+00	2.056355324189801603e+00
3.712010983442273648e+00	1.728049581838250193e+00
-3.583439976536930138e-01	-1.981780973081782582e+00
8.908947846276150662e-01	-2.760343741984832455e+00
-1.237695534057261515e+00	-3.333624266087667376e+00
3.583255410935585417e+00	1.192953791502737726e+00
2.999577554582035344e+00	-5.011444204270977254e-01
8.456198482121524140e-01	3.992444069370638005e+00
1.608662909223713466e+00	-1.464836039219598485e+00
2.685339561335663205e+00	1.328379511692334480e+00
-1.932749075416533013e-01	5.715802387657702432e+00
-3.834695148520693153e-01	-1.487756415197804549e-01
2.987070440426803586e+00	3.035358760396545730e+00
-4.939045086688757635e+00	-8.563508659744385465e-01
-3.414605179466894569e+00	1.984469889323119407e+00
-1.340311654846029432e+00	-2.226190096902985083e+00
-2.189273233316366252e+00	4.543651870710131213e+00
-9.336528907742666084e-01	1.435732948464124137e+00
-2.476326461051944428e+00	-6.117047949759260028e-01
1.429862437994495084e+00	4.159226043660565253e+00
-4.986727765841705740e+00	2.055632327377943991e+00
-2.414244670025123440e+00	-2.877879681923045219e+00
-2.049781173499204190e+00	1.677761524005541016e+00
-2.125547679035229010e+00	5.942243146458217495e+00
-5.282472723043362128e-01	-7.837882154640425370e-01
1.448444230331049409e+00	-2.050683456313485031e+00
-7.577961310301398079e+00	-4.888120208596968275e-01
-1.541773794692615773e+00	-1.056788184148629073e+00
-1.293213369403046098e+00	1.853038279540367261e+00
-1.970616144357518307e+00	-1.770433101372426821e+00
-8.855893681170422527e-01	-3.009660976097334739e+00
-4.002319461670008849e+00	1.534434185572509102e-01
3.293858620227775980e+00	-2.236718368294910719e-01
-1.109668969256195403e+00	6.390263130119331336e+00
1.255389857497206663e+00	2.645922523982284225e-01
3.635834549856020170e-01	-5.319028954748058480e-01
-3.396886201259115889e+00	-2.663591780680750087e+00
6.499595319201311172e-01	-2.926071218636583815e+00
1.941378807007894114e+00	-4.203199930796833739e-01
-5.708645793508624777e+00	-3.069684188296680771e-01
-1.511635812864723372e+00	1.209038803143539953e+00
1.336575673211201298e+00	3.127083007799240644e+00
-2.019760332554409121e+00	-2.658002667401894836e+00
-3.672015514660878388e+00	1.550955746423927195e+00
-3.924041031494772014e+00	4.166672961925748098e+00
9.077218051661513076e-01	4.427935945545711682e+00
8.473224580979002996e-01	3.710871376865400695e+00
2.026550963765223923e+00	3.491332114934031505e+00
-5.365739130925665457e+00	3.361387960622877813e+00
1.303323895790377218e+00	-8.263527754468344977e-01
-3.730842123418852019e+00	-2.229208181169024527e-01
-4.614800876435385391e+00	2.674245689911283197e+00
-3.223796756511668749e-01	1.418129439269802061e+00
-3.024690950630827935e+00	4.513341701918412774e+00
2.669208871570672437e-01	-1.964524538723181557e+00
-3.761058359397894790e+00	4.616742851165932748e+00
-3.275520384076495706e+00	2.905715236573676918e+00
8.691903971359847825e-01	1.138775528713702245e+00
-2.117414603065412015e-01	4.673440401494889151e+00
-9.638150848793392012e-01	2.138041932596941308e+00
1.756192572806053009e+00	5.728748606089196782e-01
3.247228166434447783e+00	-1.519535467617295410e+00
6.977915689369427188e-01	-1.770162030755510763e-01
-4.563116155684107333e+00	-1.159653181638740538e+00
-6.897168439070451296e-01	2.171994935158708395e-01
-9.966264144254530222e-02	3.582296358378913026e-01
8.706220247732245898e-01	2.960069223172393738e+00
3.576609731970752382e+00	-1.095629553565643233e-01
-5.411049797666118266e+00	-1.303621363198878669e+00
-4.622891660767828981e+00	3.773927859194246448e+00
2.978751205061534346e+00	1.239819051162533103e+00
-4.034372750804509522e+00	-4.724383944361570387e-01
-5.678723499150612142e+00	9.555684808750684045e-01
4.054922831667276406e-01	-2.400517666931856753e-01
-2.482443498306604379e+00	4.164541897999210485e-02
-3.614446644564146549e+00	2.551757751673631613e+00
-5.516679013123037656e+00	-1.013870260052011973e+00
-1.415923899547021136e+00	-8.511168880417728788e-01
-4.556456574379549984e+00	2.560309442399681501e+00
5.613513682695302903e-02	3.699223903709651484e+00
2.689269467710724726e+00	2.526551240016627897e+00
1.659052944986691980e+00	-6.786050012952763444e-01
-8.146258768628389380e-01	5.016529085056166792e+00
-4.929889649395650331e+00	2.637109925988724068e+00
1.030639841269452184e+00	3.864573948646375268e+00
-1.628500186046623277e+00	4.072570326848499178e+00
-7.704311028004211526e-01	-2.963418965509141412e+00
-4.739655673246340406e+00	-2.412512800108539135e-01
-3.829148238225795198e-01	-3.008580007815368607e+00
-4.184755516199253123e+00	3.889797919254176950e+00
-4.027222076881586510e+00	4.902861032153835730e+00
1.085613994424447615e+00	-2.485698482928095476e+00
-6.273610887406055880e+00	3.181678974735637766e-01
-3.357761669991820686e+00	4.125403736176067149e+00
-2.085912392262707193e+00	-8.480927957642637738e-01
-3.373025943806275073e+00	-1.082864683983742138e+00
3.537001272113211581e+00	3.821617437681977258e-01
-1.248528908092486588e-02	5.211344881345691071e+00
2.275683383357323120e+00	4.004539076148943000e-01
2.006547945469665528e+00	-5.043979879500203323e-01
6.073990950846658299e-01	-3.487320606173594517e-01
-1.208043279206107989e-01	2.317104412899114452e-01
3.641115493566222661e+00	1.002915626328238830e+00
3.366845993933738512e+00	2.248355970629925871e+00
2.483626078550273952e+00	-1.536414272815684878e+00
-3.063112209841812650e+00	4.985166854799660818e-01
-1.262384965415874194e-01	-8.072875293981577327e-01
-1.989694646276417789e+00	6.029774293669537322e+00
-3.673352284521673283e+00	3.066255678485727554e-01
6.961232774588987926e-01	1.933492049337441676e+00
2.676406713728443965e+00	7.750139050691631226e-01
-5.643199123415884033e-01	5.554151489495427363e+00
2.132682590088880836e+00	-7.382497917058554737e-01
1.683934793162231047e+00	3.228014449952301135e+00
1.861300453449783454e+00	1.884790581134162535e+00
2.338267688604731109e+00	8.702532951905882497e-01
6.184381699549998390e-02	-2.996262928776142753e-01
1.967887505876325216e+00	-2.191413638538618758e-01
-4.905069777776428275e+00	1.801607390824307098e+00
-4.815755612611014591e+00	7.121351903062390215e-03
9.170512319461260331e-01	4.691360334398394727e+00
2.879934691244219636e+00	-1.064709244584184367e+00
2.217179628602656383e+00	-2.382305601611693635e-01
7.430775387210518668e-01	1.102007899365820220e+00
-4.665939941834844618e-01	1.976043648203059666e+00
3.905307774746412441e+00	-1.059529548315640390e+00
-2.508552806427230220e+00	2.088877612299175013e+00
-8.758881573062307080e-01	4.804676380071689401e+00
7.797248399112845230e-02	-1.775460387748341029e+00
1.533009524260480427e+00	1.285672990284365103e+00
1.721998294452185441e+00	-1.562006053992908150e+00
-3.145794525569142408e+00	3.073987833522304314e+00
-3.681153982923309087e+00	-2.715914942774509733e+00
-1.179649223331565411e+00	5.242539839296489923e+00
1.958442351925315350e+00	1.634925137117660521e+00
-3.049638896500804108e+00	4.825978568936335478e-01
-2.636257043216873264e+00	-5.514740770700675698e-01
2.354339230451041320e-01	4.376067339159073200e+00
-5.402079564152766800e+00	-7.686931286175069378e-01
3.568509814185591544e+00	4.264465543528745073e+00
1.638137616139318853e+00	8.237323741923735509e-01
-1.917443439453196508e+00	5.866045910581083156e+00
3.255029289634635004e-01	2.234271453037306010e+00
-4.316059932393196519e+00	-1.908252158616766669e+00
-1.467206346336188127e-01	1.590380301883375758e+00
-4.244288289837009565e+00	-1.387402209043575141e+00
-1.545113383001332830e+00	-2.885320236419631090e+00
-3.830444918727180070e+00	1.657517432353475373e+00
2.523354351086043224e+00	3.555187057908550941e+00
-3.129053127183211824e+00	4.979657099439734225e+00
-9.383239959784597239e-01	4.479839253291272527e+00
-3.573163813069027750e+00	-2.681697411118536767e+00
4.052555560084992514e+00	-8.678061333659361498e-01
-3.038892140648520535e+00	3.390844719404858765e+00
-2.792189109301809857e+00	1.752624981355380918e+00
4.766407467988493796e-01	-2.061297768407427178e+00
-1.031337130154405646e+00	3.935334867792202207e+00
4.564870489160583467e-01	-2.995093082078508773e-01
-1.422647222962590607e+00	3.907866562038864622e+00
-4.117069076818907547e+00	4.265370500362051231e+00
2.955160089853391625e+00	2.605970116588179675e+00
-2.825254646196168284e+00	3.510953995722181364e+00
-5.234145165082122020e+00	3.186713793540872697e+00
-1.107791758398681159e+00	2.536906069149287291e+00
-3.655792290346230100e+00	3.018932907771995300e+00
-2.743991945419550493e+00	-8.826330905819899098e-01
1.122407835763158168e+00	2.703462062675628719e+00
-4.121155903089303685e+00	4.391463944525377805e+00
-1.591149651275765020e+00	-2.555300079120478074e+00
2.909206651668685861e+00	4.083982304373201089e+00
-2.761133718227761324e+00	-1.299497834410205499e+00
2.353686539039830272e+00	3.879220279419835493e-01
1.497879795136658199e-01	-1.257332055939731408e+00
-3.341066655588140311e+00	2.627723942489206710e+00
2.173229852325460509e+00	3.385879323168975663e+00
-2.744066476557232570e-01	3.747212281836513892e+00
-3.076567372264523148e-01	-1.502451463578972357e-01
1.920202487522575385e+00	3.817155120167996074e+00
-8.564242161533149877e-01	-4.071202677556966937e-02
-2.246412995902015819e+00	3.630556034139553745e+00
1.183408200385077436e+00	3.504131208560541388e+00
3.795829709297822152e+00	1.703805168997162056e+00
-2.190033605828429319e+00	1.194605939355044777e+00
-1.167831349287195009e+00	3.787242203171249155e+00
-4.829134340913488366e+00	2.554532488677550450e+00
-6.184692303967957550e+00	7.075247288798105494e-01
3.139545615985839699e+00	3.967068033666228288e+00
2.461557568103195148e+00	6.588465785050533485e-01
-3.404547813621588315e+00	3.783496883132469790e+00
2.676384580540553948e+00	2.562380071348354438e+00
-1.270982199739403573e-01	4.408766216271638783e+00
3.130749138627187400e-01	3.284417258265168726e+00
1.734715159924622663e+00	3.992690704526505652e+00
-3.181831109408449265e+00	8.282708474160209722e-01
-4.059959066470213429e-01	2.134024733661939344e+00
1.992285665806296846e+00	-2.023017167443958098e+00
-4.106411447443559126e+00	2.715109221480055401e-01
2.485233802225398081e-01	3.686181072111392787e+00
-9.044563153510633002e-01	2.575861913522699886e+00
-4.422065787921527935e+00	3.797770414718021126e+00
3.741571471697567652e+00	-1.435886226140972832e+00
1.028813890428870448e-01	-2.757364857049110718e+00
2.261656073175135340e-01	7.335780069569048933e-01
-5.899975827370910864e+00	-3.157328677305116793e-01
-4.745937636308668495e+00	3.388942783338678044e+00
-3.721367243355766075e+00	3.804136217433633060e+00
3.847281328123568933e+00	1.760936610345953168e+00
-4.015490611529959786e+00	1.370383231082988040e-01
3.290409026938731607e+00	1.585527047621548835e-01
-4.957224295808367209e+00	-6.676661166273202275e-01
3.153713714952676828e+00	6.912683532971763273e-03
9.603322710337794943e-01	3.170010090501161892e-01
-4.428566667103854826e+00	4.446601872194335670e+00
3.844383967278565351e+00	4.313248698532676784e+00
-3.116512525582469717e+00	-1.683200585868200871e+00
-2.126331884000997707e+00	5.987548574051393402e-01
3.371577662959635902e+00	3.387826324183755844e+00
-5.019331959768220663e+00	2.347625234216787149e+00
1.885864143297376394e+00	2.061423150245378644e-01
-4.185326357430429134e+00	3.848496850549574688e+00
-4.624192898501160442e+00	-1.576765664739370632e+00
2.870887148191810123e+00	2.671651479245942706e+00
2.708016134937353825e-01	2.000923253458001039e+00
1.661449975641791310e+00	-1.153078807981690046e+00
-3.875735128051380762e+00	4.840564262454980948e+00
3.491596527199498201e+00	2.123460773032181059e+00
-5.694483354488590443e+00	-1.055445641183467176e+00
7.069468086919560024e-02	4.387806844915981941e+00
3.744664414858088985e+00	1.383954260819424853e+00
2.894398672606079970e+00	8.397095230546046674e-01
1.437078075016523515e+00	9.850788329335882221e-01
-7.049954419730759092e+00	3.075167191567737546e-01
-3.143030009262822055e+00	-1.102457015152894515e-01
8.566499476536511004e-01	-1.345143086291814782e+00
9.296698438308818035e-01	4.051935853987441938e+00
-6.255948106941822573e+00	-1.131531280352971125e+00
-3.060536676532776834e+00	-2.539623328157156745e+00
-5.065159320557187428e+00	-1.054790743311956325e-01
-2.146739290082761098e+00	7.275540590337519209e-01
-3.129190864917056558e+00	1.005434934200474917e+00
-2.532752953616357772e+00	3.316328105761531253e-01
-2.549969846830227649e+00	1.328147278861663949e+00
-4.175112046581754832e+00	4.024233193537909870e+00
3.814634940411515629e+00	-5.415686063970560626e-01
-4.443805267858715879e-01	1.542819592857871180e+00
-1.290446821083351514e+00	3.031170500699317816e-02
-3.835132576652941161e+00	-1.043252098523016924e+00
-3.192684763751758137e+00	3.209727291419606221e+00
-6.600648383781726913e+00	1.484283412920180290e+00
3.543179599985700534e+00	-1.234635209185746957e-01
-4.696408551719337687e+00	-5.506575937488276118e-01
-3.402049799234162286e+00	3.861068878144136907e+00
1.028479560590189745e+00	-7.610243627341553574e-02
2.371241607383163252e+00	1.965224148276092819e+00
-4.898546898177664199e-01	4.901648232303982056e+00
3.984290683941627886e+00	-9.315578614666840673e-01
-5.045759174768327249e+00	3.314311764982833974e+00
-5.668536812087274335e+00	-3.737678988089039867e-01
-9.162769731479704083e-01	4.046487934489451987e+00
-4.934865026883848427e-01	-2.592215124719800645e+00
-4.751784306371524380e+00	5.760221146790497904e-02
3.366481929688234231e+00	7.750760421329291328e-01
4.048991444038514964e-01	1.522165852111837303e+00
1.377545960984364770e+00	-1.230772052964243413e+00
3.421136807279202774e+00	4.432352305507981427e+00
3.970920759708029824e+00	-2.904559668542828210e-01
-1.211159271778105673e+00	-1.118355309381265705e+00
-8.882899211423209707e-01	6.013079794791646115e+00
2.383718779065690241e-01	-1.029280572205610200e+00
-8.803213267714182777e-01	9.254412577016948305e-01
2.354647182426921059e+00	-1.487565375168584447e+00
3.068901175760486044e+00	5.295083809952172427e-01
-6.390564245139057853e+00	1.062518968202501135e+00
-1.039611361735506945e+00	-1.414258067422062393e+00
9.951592575480375791e-01	3.614749680823559963e+00
-2.317546589418166381e+00	-1.322852837399141723e+00
-1.414762309874433965e+00	-3.293120967300994018e+00
-1.803644091261807247e+00	-2.025289965368200384e+00
-6.320251225082535562e+00	1.523926090112984966e+00
2.685499896481271076e+00	6.379727741419605191e-01
-2.820458574533565521e+00	3.203635923116532336e-01
-1.184857809258848427e+00	7.420940520316852140e-01
-4.241763642889800678e+00	5.514553967528810219e-01
-3.907781499482837706e+00	3.732171508664824167e+00
-3.203291937524741506e+00	6.106182542000691826e-02
-8.031488593743082438e-01	1.332338022366188701e+00
-2.098604156857305725e+00	-1.640612370066204972e+00
-2.532240944063002708e+00	-3.264337640009071784e+00
-2.417838831244737197e+00	-5.217947853023627847e-01
-1.931863085807430158e+00	-2.983429314730015491e+00
-4.848133352718265954e+00	5.556787454537782667e-01
2.058012000392048790e+00	2.271820989093237486e+00
2.378171861036859625e+00	-1.496277025945598638e+00
-2.079356273367999552e+00	-1.215888247258486210e+00
-2.792274982843554021e+00	4.823506477700135520e+00
2.116730701795305869e+00	3.467585363185952119e+00
-2.599963752067886436e+00	2.983135886245217083e+00
-1.724543813390869706e+00	-9.608857013565487160e-01
4.963253609185208637e-01	3.416203347155308823e+00
6.526685610151307104e-01	-1.362893694886311735e+00
2.521109422984047388e+00	1.647971199918565888e-01
-1.976348895323602806e+00	1.917564224428120134e+00
-4.726120933024090531e-01	4.407932574098855083e-02
3.555291801801129914e+00	-6.257783956220630550e-01
-3.878527545428945178e+00	4.480693932531181645e+00
-4.162966820034501580e+00	1.379795355848271454e-01
-1.611539694039658910e+00	-1.690028290755365425e+00
8.289194708440710269e-01	9.052993817893489892e-01
-1.592376689921758626e+00	2.577062633111855128e-01
-8.558745399977497614e-01	1.900023502320113300e+00
1.758677705297456706e+00	-2.247848017027292311e+00
3.701274944535313693e+00	-1.257309403918832613e-01
-2.804795901346462950e-01	-4.095819807882739583e-01
1.975387162034187183e+00	7.450975244577794088e-02
3.618785395401363791e-01	2.992608123721585578e+00
-3.120220853107424919e-01	2.374604829692583685e+00
-7.671007487507288225e+00	-1.311060696198024511e-01
-7.686389118919275676e-01	3.870302141993462008e+00
9.668861024544133098e-01	4.479803487007024465e+00
3.423642585693494222e+00	1.204958188329308566e+00
-5.643862273633791560e+00	-7.097543299069648537e-01
3.036875000596440000e+00	-9.929633839386184935e-01
2.060794206177953697e-02	6.385187468618339635e-01
-6.168948775702198795e-01	-3.116353791476706436e-01
3.543609813516771734e+00	1.433487140047793318e-01
-5.816565633719581463e+00	-1.490861641268018456e+00
2.365129317677790333e+00	-1.983103183253662971e+00
-2.193349869235926786e+00	1.444292824173589063e+00
-3.328288137523720103e+00	1.507125064182666119e+00
8.877543575518974661e-01	1.780437830194160909e-01
2.218059790547735957e-02	9.761447560185084749e-01
-2.911703247644516601e+00	2.571084683775739510e+00
6.554531521221362844e-01	-1.058703595967630973e+00
-1.216547839924285723e+00	-2.628836789918462813e+00
3.145011233227298142e+00	-1.398575541204743811e+00
-2.368244232988030884e+00	1.210016692315876996e-01
1.823917992265530419e+00	-2.167611157576366576e+00
-2.356754245743072129e+00	-3.088436415298051685e+00
-1.872686522733429282e+00	4.694029887180008132e+00
2.051819839964670877e-01	-1.942279798053581308e+00
-3.709652966327253942e+00	2.501396764083357871e-01
-2.926495861912888241e+00	3.425850894403845714e+00
-1.220928028252220354e+00	1.444070056652715595e+00
-4.071507834417801952e+00	3.198686771010188501e+00
-4.562635018520607488e+00	3.322791258696443428e+00
1.911031585289100887e+00	4.799349741527189073e-01
-4.911019634553073665e+00	-9.348046264314834319e-01
-2.343651818967955602e+00	1.259067843097125605e+00
-4.059125997615390169e+00	2.121823887648020435e+00
3.799810017070560431e+00	7.062939877249485576e-01
2.001506668253966392e+00	1.154793821902854845e+00
-3.061117881157953136e-01	4.183422628271428467e-02
-8.543802610109128004e-01	4.740296365583940297e-01
3.641521005503710828e+00	2.318877192025748518e-02
3.309725839768672184e+00	3.816927742661440970e+00
-2.012954275894506040e+00	-3.096199778096052846e+00
-1.201387405695511168e+00	-1.868164257722312316e+00
7.590071600066474744e-01	-1.715297473099733017e+00
-4.724953451061114862e+00	2.266888595240798832e-01
-9.622184921264137492e-01	-1.420490581766102323e-01
-1.021764352157437772e+00	-3.024106903956455650e+00
-1.615762790008987149e-01	5.554737218784736585e-01
-5.707809059301410137e+00	-1.418113283235977296e+00
6.128606413468742353e-01	-4.881064268049040700e-01
1.531995593460188765e+00	3.510202458695557137e+00
-2.504870197523380249e+00	-2.630201911886178134e+00
-2.037492795369450160e+00	1.162344439443398603e+00
2.243137931566227650e+00	-3.775133416821556120e-01
3.726035610370693196e-01	2.601460902546990361e+00
-5.698361647940482833e+00	2.932655219873356867e-01
4.039720406846194933e+00	-4.470709363281294424e-01
-4.117246352066143089e+00	1.755241910721556886e+00
-6.047522271240484137e+00	-4.384408306167759117e-01
1.495952271412369194e+00	-4.313420867099118650e-01
-2.431114255762473420e+00	9.600631049252825733e-01
-1.712984242843568761e-01	-4.073638560422893941e-03
-4.859960202423467379e+00	2.815915337511722072e+00
-3.487494926251069050e+00	1.824876970392617981e+00
-1.496759135822370412e+00	6.688480731201425833e+00
-6.347537333623667344e+00	3.512557807701208734e-01
-2.478291300204295222e+00	3.336305567264431282e+00
-2.912184870132386028e+00	3.205476675902939832e+00
2.529414105339458985e+00	1.472706963234166277e+00
-4.856935315557021404e+00	-1.194268157964793353e+00
-2.701850125668187275e+00	-2.496927791529805596e+00
-3.553259603791407262e+00	1.564207667935028745e+00
-4.255591907767928284e+00	-7.743715560086365801e-02
-6.576225925600939881e+00	1.228544945797619858e+00
-6.131873811655086381e-01	5.871094175984641339e+00
-4.110095159542049181e+00	2.154196093849660709e+00
-4.470259377052770988e-01	5.280798213584964707e+00
-3.034210146683525178e+00	4.764119433407214999e+00
3.821534209005762239e+00	3.818560805293773064e-01
-4.678001026464067458e+00	3.238704944405439878e+00
-1.666605406342808182e+00	4.557212910642390646e+00
2.624541992894896758e+00	2.025315422217322525e-01
-3.456027341747001103e+00	2.301462632833644051e+00
-1.539682643289231878e+00	1.272339500438822490e+00
2.063466671209375658e+00	1.497216667931428713e+00
-3.633538619370171308e+00	4.801328460161435885e+00
-3.345922478075846307e+00	4.366051736394201299e+00
-3.361861390094207813e+00	2.591331339790251320e+00
-4.379175881057494557e+00	2.726016305454408872e+00
8.486344119253625973e-01	-1.624047489812127987e+00
6.095750909334173295e-01	1.647116854773256867e+00
-4.281170738598212289e+00	-1.498151624279806304e+00
-3.991820680117290188e+00	3.817785568885531777e+00
5.210553189103033223e-01	8.162272178074616580e-01
-4.483879339816444265e+00	5.885095710175731742e-01
2.667202863564899218e+00	-1.558135389906335488e+00
2.296221580963705655e+00	2.156299059308366961e-01
-4.305295234691751460e+00	-1.542967980819070162e+00
-2.993091368412595266e+00	8.885895097294903566e-01
-3.030728087713488339e+00	5.208634713522551640e-02
3.564573059555720125e+00	1.107147044220224474e+00
-2.855306375989393519e+00	1.142946847853542502e+00
-3.369640908533150014e+00	2.506194108091045702e+00
3.995586541322407204e+00	4.105681864616177457e+00
-2.223143841387706487e+00	3.891188459671549804e+00
1.277625336483758645e-01	1.027468055244814549e+00
-1.064826674301668996e+00	-3.495925372321674995e+00
6.085583321859427963e-01	3.477585621135636185e+00
2.472268842453760662e+00	2.247390714216768615e+00
1.810056924726339167e+00	3.276250904806221054e-01
-7.181428895654504707e-01	-2.486474255143101830e-01
2.187080150404864920e+00	3.207413998256894994e-01
1.460681374880912209e+00	3.694362017772629070e+00
-1.308781465903035901e+00	4.726610987117886076e+00
-5.983666634482748492e+00	-8.071464098222794759e-01
9.848783441362027880e-01	5.940227463377205641e-01
1.863959327741075978e+00	-1.540248194855080799e+00
3.221179338287043059e+00	9.486055710899289339e-01
-4.447849814638206167e-01	-3.040398395191923786e+00
-3.731545394562735041e+00	4.895425535790225879e+00
5.931902958998181985e-01	4.237523962198658012e+00
-2.769827468583269336e+00	-3.050679121943451033e+00
-3.408930373483830323e+00	9.994553787588921212e-01
-3.286379644139054257e+00	3.542795841442215377e+00
3.625612383087668533e+00	-4.229132840640962288e-01
-8.417157293198265222e-01	6.152425569388165094e+00
-4.688265341238727402e+00	2.713898862444891424e+00
-3.506901542462488752e+00	4.383543482161050164e+00
4.078028897235671302e+00	-5.005549373736581931e-01
-3.401755068156487205e+00	1.401758340248874024e+00
-2.293339582838984203e+00	-1.471211796194092036e+00
-4.029804963212525237e+00	4.335967647847458473e+00
2.600518208859691427e+00	-1.139414318276110449e-01
1.005398527802064512e+00	2.009424726758952229e+00
4.918826144443661508e-01	4.143955180772220359e+00
-3.166472436504197852e+00	4.284588005567861124e+00
1.110262097306788265e+00	4.640443044860171895e+00
-3.333897105271027783e+00	4.059725182364012142e+00
-1.049763533997866150e+00	2.270900655875599305e+00
2.407774247491063502e+00	2.894718300624250507e+00
9.232438190174263593e-01	3.097860811232132416e+00
-4.365446619659477889e+00	3.036921126618381095e+00
2.164925584551210758e+00	-1.571263453035920410e-01
-3.255101761919203085e+00	3.036168395990520352e+00
-1.133117850561374151e+00	6.029745245842629053e+00
-4.331866228664637219e+00	-2.726379418022454870e-01
3.012772549512226505e-01	1.141273752779311312e+00
-6.076223626531967348e+00	-1.142850488942225295e-01
-3.921966867029424986e+00	3.654299165756007106e+00
-4.342389926719073756e+00	3.503040609346787626e+00
-6.517513681350312282e+00	4.228190210481166944e-01
2.864104973330507953e+00	-4.319333078048591124e-01
1.579511056364655275e+00	3.764861765145006700e+00
-4.831387224243138157e+00	-5.167563262174540428e-01
-3.294502844467215752e+00	-2.408419061997698840e+00
-1.689259018820856717e-01	-2.136967839686088944e+00
1.177560267113033632e+00	-2.050353814518488971e+00
-2.108387653993477162e+00	-8.097060881339984695e-01
2.883785777111060877e+00	-1.186572148308306707e+00
1.702231800679765206e+00	2.571853759270227524e+00
-4.009495395429164333e+00	4.430789276613439576e+00
2.093122492455115058e+00	1.324121761180782952e+00
-5.141437183853545673e-02	2.921230161595334440e+00
2.186088731994015433e+00	2.998589581419768522e-04
3.402102078058835133e+00	-6.374159683596990478e-01
-4.038289042790294658e+00	-6.680160521800322382e-01
-1.702933388432177342e+00	1.200437376967389502e+00
3.915915892597351622e+00	1.381808319192107559e+00
9.338482647441379569e-01	-1.684831522681690563e+00
1.909968220641352632e+00	2.379133515410969402e+00
3.001590633674110276e+00	-5.585148416588698872e-01
1.919616005799639480e-01	5.454480707800521522e+00
-3.290374159724150704e+00	-7.831013505081754755e-02
4.961854862065577798e-01	1.536113284614263774e+00
2.282981480886714376e+00	1.801942520830430494e+00
5.630891213365163406e-01	4.559333654652016676e+00
2.843985967143998650e+00	3.028399363923683474e+00
-6.126223174394735516e+00	-4.077791621162349944e-01
3.236700753204480918e+00	1.519948156297347419e-01
-2.403485770222496265e-01	4.748551329165352719e+00
-4.737726773315662498e+00	2.993331286049607076e+00
8.800042118199786767e-01	1.647573267804903319e+00
-1.972852903749074072e+00	1.961462087359074014e+00
-1.751329836466292145e+00	4.108933872055326120e+00
-3.451534346424492306e+00	3.466262839276843533e+00
-2.110199676792630541e+00	5.339385993599149449e-01
2.759455705520298618e+00	1.802646392278539178e+00
7.916733098136313762e-01	-2.781005761914452812e+00
1.208219050475251022e+00	3.019128643576042048e+00
2.348551320207014292e+00	3.500587599166440356e+00
-3.582482079170617340e+00	-2.895891305811599259e-01
-2.782682044112347874e+00	1.863047261380626374e+00
3.011491857537337502e+00	-3.371867707826108340e-01
2.372130709963246320e-01	-1.256893494194478933e+00
-1.009777254671109237e+00	4.194407859088812529e+00
-4.477424838833457876e+00	-1.727827765435026919e+00
-1.919559486758387612e+00	-3.228167615664718326e+00
1.360744106709691481e+00	1.007229681557274104e+00
-1.801723745242591046e-01	4.634591170012999584e+00
5.622016335708803769e-01	1.377298645750139050e+00
7.041635776760165610e-01	-1.356545657205731059e-01
2.049604439783291543e+00	1.371139906765733274e+00
1.086155405232789750e+00	3.723512296075620398e+00
1.017469522180182606e+00	4.432586911484699854e+00
1.080861348256915599e+00	-1.282467663515635958e-01
-3.487272527167712965e+00	4.560216009877112953e+00
3.845610553119908737e+00	6.529488952894245690e-01
1.353789915464586491e+00	4.102238931069068784e+00
-3.374030426589022635e+00	3.541736218434256678e+00
-4.014327688665120242e+00	4.783579319996738910e+00
-6.051086493966985280e+00	-1.173955716076595879e+00
-3.387382797826916647e+00	4.898752820283747589e+00
2.677651385980529319e+00	-2.640580688624757366e-01
-4.055803276261808143e+00	3.313712661784946167e+00
2.415697304996109462e-01	3.478230572616077154e+00
-4.234647445842593783e+00	1.822214657239817209e-02
-6.076259342835315991e+00	1.850332386169427357e-02
-1.946935811318802612e-01	-8.279128631433588792e-01
-1.540275453721816845e+00	-4.818897051486159544e-02
3.831273849056609837e+00	1.320169161171249606e+00
-4.921624683401119249e+00	-6.306825010444914170e-01
-4.426507319759625858e+00	2.924450121657546475e+00
2.985655507224328709e+00	-1.901835532261021422e-01
4.139578467480749424e+00	-9.329376063779944994e-01
-3.576486363313286176e+00	2.060897798005834058e-01
4.883197188942008937e-01	5.107829310242558485e+00
2.326663460163779895e+00	-7.965194022722897893e-01
-5.414337020493809938e+00	-1.746479809156739338e-01
3.250648540050796509e+00	3.590107909398396302e+00
2.917785931252682818e+00	1.800742910654982709e-01
-7.487902670762871971e+00	-1.780425823118309547e-01
-3.028871360517626510e+00	2.899782575228283754e+00
2.204017388649847753e+00	2.818252827156078499e+00
-4.925306903575554784e+00	2.075423475209578594e+00
1.144605448698436057e+00	-2.433134117084780890e+00
-5.723046347489367136e+00	-1.601610404329081971e+00
-6.760427214014886887e-01	7.513820734326324136e-01
1.399287242354930516e+00	4.269561631172694049e+00
-4.448398519739999557e+00	-5.904863465970180414e-01
2.295575469244094613e+00	-5.577407887026150091e-01
-2.531333252257014887e+00	4.265812715861492244e+00
-3.231415260231589759e+00	-2.324532246287004944e-01
1.862990243450677985e+00	3.566989331851666112e+00
-7.233055981912246690e-02	-1.328264108760305540e+00
-6.152093058045794649e+00	-1.027969633838468955e+00
6.899284629334012653e-01	2.679295168348938549e+00
2.854800415737210439e+00	-8.162410115965762492e-02
-4.399205440718453097e+00	9.190711096816400749e-01
-2.435195359630379031e+00	-3.442357628430413818e+00
-4.550085310410970640e-01	5.689894473690338295e+00
-4.166747453822962299e+00	4.933108024929342861e+00
-2.782522889659650556e+00	1.111132073675761722e+00
3.503235035921468565e+00	5.048007811071022477e-01
2.558713578112924658e+00	-1.128313996419391785e+00
4.047389440984649589e+00	4.388985748907130890e+00
-2.376345306312876104e+00	1.069773793548289387e+00
-2.340568865867641790e+00	3.747567656314174656e-01
-3.438705270689237814e+00	4.623722024866363967e+00
-9.860347240031124283e-01	3.669281641104277458e+00
-5.257997618764017389e+00	-5.325411805608208926e-01
3.021052527453981451e+00	1.415993052260704266e+00
1.842401400801098710e+00	1.056461871906330785e+00
2.725679922017218981e+00	1.035589687218155808e+00
1.983251721248151245e-01	1.363404927110084541e+00
-2.701715986660524038e+00	-3.321646141384977380e+00
-3.262438401543048538e+00	-8.902839744633170849e-01
-2.842852516192498236e+00	1.351522748502715254e+00
-4.561816136135753652e+00	2.401645418218855799e+00
-6.438859956122739092e+00	4.267670957213343802e-02
1.630096563174328939e+00	6.028833774496665798e-01
-7.163806302467581766e+00	-1.104436337693803782e-01
-3.702541729564670536e+00	1.317484002828549716e+00
2.285557502816748521e+00	1.279477988657392373e+00
2.003314173553885524e+00	1.676885071500312296e+00
-1.892959372483576236e-02	1.686879160298015712e-01
-2.691600791896068934e+00	-1.238785117183288209e+00
-7.621487446847137193e+00	-4.127333707558114573e-01
-8.461427712582095806e-01	5.269032536695274910e-02
-1.240337020311166327e+00	-1.371392976623114546e+00
2.117704913302786984e+00	-1.898383365991641369e+00
-1.951124436988859179e+00	2.945291852830862922e+00
-4.206858898147651793e+00	2.495264581229897694e+00
1.022781038617834648e+00	1.386965952968474802e+00
-3.404965534816343453e+00	3.763728830871507114e+00
1.533411302445958135e+00	2.513830460016614587e+00
-2.397201039904015563e+00	4.069252590739196762e+00
-5.914203287834165046e+00	8.297357885584524251e-01
9.393562972936483346e-01	1.325831099456592943e+00
3.664952641831450642e+00	4.511105201577081836e+00
2.449245563623701383e+00	7.685362990034652064e-01
-3.863723838269151667e+00	-3.225068560869936984e-01
4.892127811286994810e-01	2.358816990897165233e+00
-1.985184585951263347e+00	6.454647993994698796e-01
9.156351352570717417e-01	5.043304285756100569e-01
-2.113383105495601377e+00	2.991509282871579689e+00
-3.125884581219381619e+00	3.129179664472392819e+00
-2.917117694473287060e+00	-2.386344810950270234e-01
-6.792839583507772616e+00	2.154087323854216376e-02
-6.013325932965323695e+00	9.882392040232208519e-01
1.012839438291859739e+00	2.325936857286433401e+00
-2.829210635738213409e+00	4.835835539649637749e-01
1.113022077793397457e+00	2.385474422585557086e+00
-1.763363859235737907e+00	-3.004379083867415368e+00
-2.041945643327218451e-01	5.676067370437154480e+00
-1.306105839327221130e+00	-3.153032661673793591e+00
-3.126750808396416836e+00	-8.917410706820869670e-01
-1.434153250998396745e+00	4.304215400507462874e+00
-1.013356015037154556e+00	-3.565784203180684675e-01
-3.136067168690341411e+00	2.998295465336724863e+00
-3.843392280417388562e+00	4.958051179825684329e+00
1.319596648435201081e+00	3.984023998190825644e+00
-1.479601839134021102e+00	6.724256207149630349e+00
-1.671912470523515992e+00	-3.212083540217190780e+00
-2.752384330526435718e+00	7.912966779190987454e-01
-1.191599911491559860e-01	6.417934203149068262e-01
4.201257421255863100e+00	-3.688894641292893017e-01
2.765777975952933065e+00	-1.116475543608078436e+00
-3.750553890893196129e+00	4.004522861495869890e+00
-2.985218324253603228e+00	1.929263245191128684e+00
-4.543433545741700996e+00	2.949167923617549425e-01
-2.769889602061839096e+00	-9.014053751730148889e-01
-1.326235522434007219e+00	-1.874388754438734539e+00
-1.618981454255653984e+00	-1.775593557221982977e+00
1.455634488684300676e+00	1.251884531734848593e+00
-4.626361924526852243e-01	-6.091103383625446899e-01
3.277547951156253858e-01	1.784551087313681839e+00
1.701226140881788362e+00	2.316700133751131929e+00
3.164670046995193164e+00	6.316419244838281655e-01
-2.638351402027834247e-01	3.701354107464201793e+00
-4.042357079822001431e+00	-1.320445497301130144e+00
3.765818723034309645e+00	-7.168923785237770741e-01
-6.371345099133765011e+00	-7.620697688302530137e-01
-4.647478116905657153e+00	-1.082706367705347894e+00
-4.223103174929206283e+00	-6.329693991671762887e-02
-7.636252406326435871e-01	-3.140202210667886185e+00
-2.036674077364693858e+00	-1.298605259135873879e+00
-4.294387375355305458e+00	2.714573975219600754e+00
-7.634383776009743272e+00	-3.165657008581990173e-01
-3.303049315948630493e+00	-1.012461919811861621e+00
3.930293089268695805e+00	1.206963852909108459e+00
3.266320479047124969e+00	1.614687773474303145e-01
3.445508836851504775e+00	7.179951296839366393e-01
-7.979191410573365228e-01	5.337429234624793573e+00
2.617250273046267228e+00	-3.181194718481670791e-01
2.062690655182272792e+00	1.316418629568975263e+00
1.455182272090115525e+00	-7.967360171037668470e-01
2.248421553383439520e+00	1.953312530095414612e-01
4.374120531322208683e-01	-1.390650279024347791e+00
-5.212112290467606712e+00	-1.295633853519890133e+00
-4.586116500106578897e+00	1.832252599146088512e+00
-1.683207152154557074e+00	3.176547482512044773e+00
9.189370825653100233e-03	-1.298538265208104336e+00
2.680948979111467345e+00	3.730753769123476449e+00
-4.518705409891135893e+00	1.412350545204207608e-01
5.976081484948128075e-01	-2.152019027635204917e+00
-1.208765262260786288e+00	-2.798046107718371367e+00
-1.026217808500329065e+00	1.777853191097815033e+00
-3.241657739742744848e+00	1.195442854098550889e+00
2.700301953485626516e-01	9.015061064650612410e-01
2.755641230008637699e+00	-5.374637372127747392e-01
-4.175696429646036378e+00	3.402162539518617024e+00
4.256017585834822370e+00	-2.438184441943810343e-01
-4.585197985402916565e+00	3.339996670523411648e+00
-1.704684933194286156e+00	3.535992201252582845e+00
-1.973928991434894975e+00	-1.574249068457881151e+00
-7.519535436184412447e+00	-2.077639591544792330e-01
-6.710516503277031974e-01	2.696535161693942140e+00
-4.056875079480734669e+00	3.106689596429140554e+00
1.682709897343443589e-02	2.164364310112325107e+00
-4.399690830739696246e+00	-5.448033559357846611e-01
-2.060648880463463506e+00	-3.098590643416693435e+00
-3.007731380785221731e+00	1.936887532357316255e+00
1.310575126301922522e+00	1.334800501844191301e+00
-6.242733600632361934e+00	-7.584478970015128274e-01
-2.903690329563360373e-01	-1.964975934492846132e+00
3.549267902670930397e+00	3.716907915207089408e-01
-1.573274751785080694e+00	2.498172095239620916e+00
-2.575815261340487883e+00	-1.008023427876581835e+00
-1.128931148758076208e+00	-3.384141642205555023e+00
-3.887380403737005885e+00	-2.448573175872661989e-01
-5.673700506724502768e-01	1.358499598541625497e+00
-2.568355367346700557e+00	2.741265935012076937e+00
-1.730137189571347434e-01	2.047774895307430842e+00
-1.763514129816249110e+00	-2.254380358647188221e+00
2.121841573733486364e+00	1.175746019633377992e+00
7.337134776661042856e-01	3.687204343212452606e+00
3.125934114081890147e+00	-5.357550584060698506e-01
1.840856302007337408e+00	3.044181304321195158e-01
2.467898252311748308e+00	4.586545973159861789e-01
-1.940956821674469035e+00	6.322524546160381398e+00
-1.079267651829191710e+00	5.259711590165656148e+00
-4.418001837286359645e+00	3.518724248891530237e+00
1.126113938620786126e+00	3.134043793162849756e+00
-6.770680671302891085e+00	1.593102940434746762e+00
6.845818368140162979e-01	-3.221003231101595699e-01
-3.678036138481143080e+00	4.739576920575104602e+00
-3.533754723345495563e+00	2.272750765717809429e+00
1.540526255109485376e+00	4.245013292046352915e-01
1.730365014433986603e+00	2.374419468523948584e+00
8.401782235543370225e-01	2.540560098116487531e+00
7.423255938772396201e-01	-7.731802833585695867e-01
1.877113072169940722e+00	6.192639926235316006e-01
-4.935906063222387452e+00	1.900037317470214981e+00
2.155707550583064069e+00	9.497048802810275081e-01
2.691580804068072208e+00	-5.630631066963118769e-01
-5.074980006337851179e+00	5.250942950075117022e-01
1.795373050098951095e+00	-3.249839938458879973e-01
-5.186376420378990382e+00	4.107616690375385238e-01
-3.303342870285339572e+00	-1.677940060944069334e+00
-3.941082005420166290e+00	3.250307061405270481e+00
-1.759868922978101935e+00	4.941565852152876581e-02
1.279772502830983871e+00	-7.578048998254412194e-02
-5.341963371957356266e+00	-1.601879712993227733e-01
2.916831793755238156e+00	-3.355678297634657192e-01
-3.008985677874978504e-01	3.776431855585949737e+00
-3.299512921823741785e+00	3.212913080729006943e+00
1.662813966177961955e+00	1.961775897513905909e+00
-3.039528527066711394e+00	-2.259243376319079566e+00
-3.601649481232564121e+00	1.914247825025006788e+00
7.339310633732826217e-01	2.304217010321427672e+00
-9.747044918210631126e-01	2.767420536509485274e+00
1.793923532342346583e+00	-5.194108221142087478e-01
1.489151940011097741e+00	2.557924147950442872e+00
-2.631657092434518841e+00	3.649729174322029923e+00
-1.447542135712697409e+00	1.651456475599726081e+00
3.296932446472800482e+00	-6.120236907868568110e-01
-9.124612740776650854e-01	1.744315369235774071e-01
2.058946809020026691e+00	2.300213639363707152e+00
-4.267911273241558057e+00	3.690574094147200501e+00
-2.276004903628192189e+00	8.425607932152032742e-01
-6.289697631761932417e-01	2.213487807804932483e+00
2.403251987991937622e+00	2.582325217126523742e-01
-1.497548607623372829e+00	6.378067130897926873e+00
-1.798641151892823586e+00	2.230627001727354397e+00
7.650057466803756867e-01	-1.915643286268499557e+00
3.673941291172239110e-01	4.249987794677435177e-03
2.655729117429831643e+00	3.989468798542488703e-01
-2.367424861118494483e+00	-2.274601199124521411e+00
1.409032079602158039e+00	3.565862658347514369e+00
-9.911629179178145232e-01	-1.887893131543018299e+00
2.747536276505690100e+00	1.378090394478330039e+00
-9.170462954231256569e-01	-2.113866171793341131e+00
-5.361953045059308920e+00	6.518515183022312032e-01
3.473540436664772080e-01	-1.290694586956338874e+00
-4.863012974534581367e+00	-1.420444427850150904e+00
-5.123031706868423463e+00	2.911025735752398313e-01
3.389352184125235645e+00	4.331235395498023166e+00
9.786526594983405714e-01	3.817582915898762863e+00
-6.603579902304915983e+00	4.980158346622711174e-01
-3.768045062043654081e+00	-8.676719931765963789e-01
-1.311825309739642176e+00	7.418105107171064638e-01
-1.267407148921269044e+00	-1.039596119171218636e+00
-3.750303945184585874e+00	3.529080509481765215e+00
-1.719420534684812152e+00	2.076118544961114143e+00
3.146224192418491938e+00	1.538901983031340404e+00
-1.659407885210834044e+00	-2.285993046983099575e+00
2.163959965096537985e+00	3.036321208821698647e+00
-2.442898166717805797e+00	4.320237071412243779e+00
-1.786951060410024716e+00	-1.734669188174638998e+00
6.798370018501798118e-01	3.689037471529446055e+00
-3.045704125194940826e+00	1.227200481679552535e+00
8.287885824825559355e-01	-6.480309962497665666e-01
-2.575679089071027050e+00	5.035398566735047154e+00
9.182351994007440510e-01	-5.573680355222594418e-01
1.962627046523887309e+00	2.427348433054518750e+00
4.755538983718509694e-01	-5.052791117275058363e-01
-1.222845527705949120e+00	2.258029643673775677e+00
-1.994738609799377560e+00	-2.006902920084829844e+00
-3.804815780242826850e+00	3.793478784365924006e-01
3.552872809611956395e+00	4.527041592582730978e+00
-3.298324031416073776e+00	3.672888694879326899e+00
-1.648457347388021965e+00	3.017095997555500286e+00
1.317379872707505228e+00	-1.762506978046110229e+00
6.469635596860686677e-01	-2.632600221878389934e+00
9.303268855272338600e-01	-1.788619565034560877e+00
2.991147801666644845e+00	1.814681508117207631e+00
1.937183491939676649e+00	-8.606224061952252868e-02
-3.332026546780713083e+00	-2.360572290619602054e+00
-3.687696605444115594e+00	3.895812084843559564e+00
-1.308914865536874306e+00	3.552883452537843212e+00
-8.421137909250038245e-01	2.869462364866189663e+00
1.788647031244547714e+00	3.044845399294925148e+00
-5.745321004154649636e+00	-2.427089531151653268e-01
3.587683068884436333e-01	-8.621811196297890501e-01
-4.266878268549111120e+00	-3.260311619914921244e-02
-1.664084877452852274e+00	-1.299667242221544727e+00
7.790146024127040381e-01	5.038821569548016299e+00
6.865397875134404693e-01	3.253658276327857646e+00
2.806724852591393482e+00	1.166074626793907942e+00
-5.599069250243681184e-01	5.451676805371024059e+00
2.383955955559023954e-01	1.972555663903350132e+00
-6.897294546874389809e+00	-1.257715405365885109e-01
-1.365320850395855379e+00	3.530524430522481438e+00
-4.115468428035934600e+00	-2.245934510372274706e-01
-4.198398173254324739e+00	2.441793411948865344e+00
-2.123356014365570810e-01	-1.034075475505789932e+00
2.360500154737537049e+00	-3.212727275819550754e-01
3.513028348394767963e+00	-8.178756725860797383e-01
-2.276079520377209509e+00	-2.790523949165428341e+00
-9.161760506421140482e-02	-1.230470346854199093e+00
1.751336273228584650e+00	2.577578611917035634e+00
-4.222827281612958394e+00	-5.575524332221503121e-01
-6.582339520900290175e+00	1.110065537527126445e+00
3.563875757001371714e+00	3.993835856471411039e-01
-3.848059821364624877e+00	4.273024416909882994e+00
9.263364667576273748e-01	3.270187956057125422e+00
-2.740125601929795374e-01	2.542789723765455090e+00
2.386191729851273813e+00	2.191882855067842861e+00
-6.147456299740520214e-01	4.080706821083852631e+00
-5.182841177822031575e+00	-5.639977050501313594e-01
-4.055457014842821728e+00	-1.794678580503514143e+00
-2.131792736777222252e+00	-1.875917772350732093e+00
-3.868294685142035672e+00	4.523702167198532464e+00
-5.090968492291183090e+00	-9.867185161560000362e-01
2.041140427265046853e+00	2.174230378525015439e+00
-4.310331702760122674e+00	3.147056295361639666e+00
-2.744016019655674210e+00	-2.678797240531985757e+00
-2.120008085046023005e+00	1.659008503052540995e+00
-1.248252267518093817e+00	6.468131224614656283e+00
-3.213983265026913116e+00	2.382865988134966972e+00
-1.066678945144072133e+00	1.551681230155198321e+00
-4.537652373350477220e+00	3.230278849677842290e-01
3.270204958087378433e+00	1.918053357266911174e+00
-4.096901765992392974e+00	3.090934199841944618e+00
9.264896119535588337e-01	2.294977689457094350e+00
-5.546300770137351677e+00	1.600205349167937330e+00
-1.364088220119881623e+00	6.607416697615622780e+00
3.285304581537487500e+00	-1.048533267722255857e+00
-4.022257202162322187e+00	2.410683296175471835e+00
-1.883713359522457775e+00	3.281574834846797017e+00
1.262993263732373972e+00	3.239595098582800148e+00
-4.569332091553685693e+00	2.722936930566508540e+00
-1.995462858105694348e+00	-2.919772190507534670e+00
3.527711690793757349e+00	4.490429457036992034e+00
1.592913795587235892e+00	1.571759245393837545e-01
1.216105636614483565e+00	2.772434768768955227e+00
1.945795599358208561e+00	-7.345278484784371065e-01
1.229629040062271361e+00	-1.007419840102047770e+00
-6.552286245581733226e-01	-7.942816278998384716e-01
-4.250216982292257306e+00	-9.255426490589517829e-01
-4.363164385255594802e+00	-3.847545157741409927e-01
-5.920695521812265660e+00	-1.142174418680740322e+00
-4.994706856310163090e+00	9.435385407777341360e-01
2.339090621689060345e+00	-7.336292887019698616e-01
-1.627206928164078859e+00	-1.730073450208026387e+00
1.358204329602642924e+00	2.785930051551763320e+00
3.986358712006901950e+00	-1.483388103269742908e+00
-1.650431967535761713e+00	4.734235143097205167e+00
-1.343484247083049477e+00	6.050512492855665947e+00
3.326758333746145269e+00	1.061851851812027459e+00
-9.139843604512402075e-01	-3.560952227940386461e+00
-5.874756415534903020e+00	-1.234420900361772766e+00
-1.194027278191082786e+00	5.052536204353355487e+00
-1.511996858402431254e+00	2.040315709928122168e+00
-1.960837511845351600e+00	2.613890435436915460e+00
-7.534153990634154807e-01	2.649334393286376432e+00
-2.065333688887004193e+00	-2.115037752279139927e+00
-1.238058960402224740e+00	5.070703633095716256e+00
2.664617000034345207e+00	1.209397967840712740e+00
-5.999340308118408238e-01	5.132085675372066724e+00
-4.418686946397554216e+00	3.668495410862180894e-01
1.652489965513828540e+00	-2.653800918268267583e-01
-8.612373548272652668e-01	-6.607467196584992930e-01
3.055064090682946820e-01	4.618072791761987546e-03
-2.647293128385406757e-01	3.035343178285308863e+00
-3.710409437223643359e+00	-2.601167351680594653e+00
1.832591292025681051e+00	-2.266070311315996566e+00
-4.228606910187592938e+00	4.328934565324926709e+00
-3.316407828515820277e+00	4.305374742378634600e+00
4.288016137740878975e+00	-3.546947760918452430e-01
-3.512387983216412324e-01	-6.859064601206563694e-01
-3.250485580458684964e+00	3.119264189384791219e+00
2.851278086324410044e+00	1.606238057920163387e+00
3.057158227775315762e+00	2.231139774814815624e+00
-1.563975618280455615e+00	5.078533618416266826e+00
8.920790506020922495e-01	-2.364768361598071689e+00
-4.382680750268248104e+00	2.293588698433554285e+00
2.141908345330068908e+00	1.637729204747379930e+00
-3.412615581700445766e+00	4.346814716721311811e+00
2.817095182042809842e+00	1.992543321875425155e+00
1.835860714488486423e+00	1.525556244771612446e+00
-1.452457256143036890e+00	1.826308230953622491e+00
-2.524486732940542932e+00	-2.289123582596025219e+00
5.057429521654848159e-01	-2.500997286264774022e+00
3.303798176861254099e+00	1.716401548744657779e+00
-1.153506625681039566e+00	7.771357032806647247e-01
5.087058058330007349e-01	-4.421469733125628632e-01
3.707965943932477693e+00	1.397208177290151454e+00
-6.583795235347784214e+00	6.146207178959934847e-01
2.243295128297359220e+00	6.649523977094140559e-01
-1.085573853185179516e+00	3.263190520594576594e+00
-3.037040260831575633e+00	4.672087928179969651e+00
1.025392901279949864e+00	3.825079817212962752e+00
-8.809312277839581595e-01	-1.342357423316756782e+00
-3.468777138585972697e+00	2.979017203908112421e+00
-4.565703357876039981e+00	3.409082169591671096e+00
-2.680866249403198953e+00	9.432971216014121030e-01
9.506554099861450613e-01	1.124194036682086173e+00
-2.084624309956741861e+00	-2.091501828972596400e+00
-2.887504946186903787e+00	2.847780215910601598e+00
1.456269132183710645e-02	3.577883757650427654e+00
2.712835498122839972e+00	2.367282112647049352e+00
-8.896454584067151616e-01	8.727077662755006182e-01
2.388075519818230408e+00	-5.486807356037035621e-01
-8.987533212746969813e-01	4.253758544190172408e+00
2.231152075254420275e+00	1.079196174808668252e+00
-4.505740633008233686e+00	-9.328683896957845612e-01
4.046321014054197640e+00	-1.182259297885329463e+00
2.470059162843913914e+00	-1.135671488778179805e+00
6.527740161751068859e-01	-3.440053323955510889e-02
-3.076462901180165410e+00	2.604912493545010310e+00
-6.277489502652850106e+00	-9.663886868140469932e-01
-1.280965686722042696e+00	2.471378925197011078e+00
-9.014876638371490669e-01	1.694231388571307617e+00
-1.887969347934783881e+00	-1.540218461432046437e+00
2.755907405456301973e+00	6.263732467666326409e-01
-6.166471127520691820e-01	4.089530911278657754e+00
-8.518391661029500739e-01	2.224928525827280623e+00
-1.375629196003782528e+00	8.592608638104277663e-01
-7.053642138483754431e-01	4.876795940192338641e+00
-1.657118868740271811e+00	4.552033473780370265e+00
2.928254001740506762e+00	-4.894392178823792072e-01
-2.278303736755616260e+00	-2.182078457543911387e+00
-2.286031573839169273e-01	4.984512339753177201e+00
-8.870039647839411678e-01	2.846666971865664753e+00
1.396172694849991958e+00	2.163858623139121029e+00
2.572311608729107135e+00	1.079583768104939612e+00
-6.719534524485795579e+00	1.498365937876332987e+00
-2.737443483799272492e+00	4.052540875689340183e+00
-7.391850521725687351e+00	-3.019566524358457960e-01
4.031545262843497568e+00	4.203764175803699210e+00
2.450046137049001871e+00	-2.320341669669825635e-01
2.475209776209200685e-01	-9.715300703599839549e-01
-1.676139500308676533e+00	2.844863055339801772e+00
-1.207369710937422846e+00	-3.344985193195154416e+00
-2.908312523934235561e+00	-1.795391693017341084e-01
-3.095838731007901412e+00	3.493839084044265686e+00
3.565754245261219424e+00	-8.062216667306367768e-01
-6.012111031085249913e+00	-1.185700428663163386e+00
-5.163616963191840492e-01	4.727459201428836799e+00
2.509528219198569055e+00	2.755804883282189532e+00
1.728011161741961621e-02	4.408410199622941200e-02
-3.096858617277007841e+00	4.005660203894954918e+00
5.976338442676778495e-01	-2.517924297040877057e+00
-4.624608739803916180e+00	3.959009187371725691e+00
-3.002635056707643635e+00	1.566800034906025152e+00
-6.323808960034659199e-01	1.937063253074628122e+00
-3.589329831270675175e+00	3.549493021924263303e+00
1.370936392136498094e+00	4.466086806172919310e+00
2.648940900147632171e-01	3.368292782668592000e+00
3.128283405707878995e+00	4.969735409524249081e-01
1.247578542170630245e+00	1.115826700798889570e+00
2.596466726766773370e+00	3.948708176523629820e+00
4.309695765792668887e+00	-7.268577418252679667e-01
-1.877819702833291693e+00	4.927937887073874368e-02
1.476616943144881233e+00	1.982937889884628158e+00
-2.247125680975766038e+00	5.379161392066253100e+00
-1.014980359467651194e+00	6.088711721673091937e+00
-3.364658709210274434e+00	-2.512560067933954588e+00
-8.246186230727130528e-01	-3.638566167263835638e+00
-7.197331078746309618e-01	5.586304265475160236e+00
-3.652569128107773899e+00	4.768119401734813856e+00
-1.939236356221856472e-01	4.894349994907982726e+00
-2.669466556870332852e+00	2.887759854241564561e+00
-1.173599402269213776e+00	-1.962512273421588516e+00
3.054556699447838586e+00	1.408677953957594875e+00
7.319835405148595875e-01	3.547602702012626619e+00
-5.689945263725678437e+00	-2.974946764957090983e-01
-2.632603172743064324e+00	1.511388025888078745e+00
-1.925859657330199592e+00	-2.703930530616701855e+00
-4.083932489867071247e+00	4.002435064861343150e+00
2.732332902473372016e+00	-7.234576545755806720e-02
-6.923768400384724409e-01	5.442747415265672961e-01
-2.727058267377377998e+00	2.465100788498658435e+00
-6.759301758329466558e+00	1.503292057446196095e+00
-4.206288516634273833e+00	-5.229824603632876601e-01
2.113770714185570387e+00	3.126616327711519094e+00
-3.820939043051432726e+00	4.698840441854660099e+00
-8.792620657256515759e-01	-2.423666297555981952e-01
-4.700880856559122911e+00	2.085221412428776677e+00
1.287967808527677727e-01	2.636083608183512617e+00
1.795980902687417169e+00	2.166226913965829670e+00
2.595285950860977575e+00	4.076592593079030102e+00
-4.705855060779551735e+00	3.463122140273516614e+00
-1.051778784125168231e+00	-1.620868128918580675e+00
-4.513459129087380006e+00	2.738483238539097364e+00
-1.202657852845416597e+00	1.629476813342247032e+00
-3.438504272639525627e+00	3.137137154074745471e+00
3.297185699941199477e+00	-3.287122393934232417e-02
-6.064160011751931201e+00	1.231245949487823177e+00
-9.576773495417058024e-01	4.617418338278059586e+00
-4.130572651491551284e+00	-1.339207526856823316e+00
-3.738968630066415777e+00	-2.547422258458604372e+00
-4.309638053984523154e+00	3.945548230136193268e+00
-1.689430604652616963e-01	3.808875702775369465e+00
-2.480473066335302956e+00	-1.970765532451783209e+00
-3.997281346066094088e+00	-1.753637748792242768e+00
7.934273032499994383e-01	-2.606052645816395064e+00
2.988220902169470339e+00	-8.064241449948992280e-01
2.195064071550129281e+00	4.423612772015015793e+00
-1.149139630988492033e+00	-5.645247780468350962e-01
-5.834460431943526704e-01	4.044261474028101766e+00
-3.716148118468761474e+00	1.247797564549391336e-01
-5.923774678363243673e+00	-1.282581954916704348e+00
-1.737364026751383683e+00	-9.764844277735954536e-01
-5.624965904057283694e+00	-5.087212690090996414e-01
-6.552311279019856771e-02	-5.626651237292794594e-01
-1.284718856039381019e-01	3.980808660426261358e+00
3.170198992853680231e+00	2.326374786885344381e+00
1.466850682161651598e+00	3.496562172134484392e+00
-5.591880525404514302e+00	5.944256309955117112e-01
-2.212181155954426326e-01	4.846530737463300986e-01
1.314016057388085690e+00	-4.991777440805076349e-01
2.227047470068305390e+00	1.698662990183930965e+00
1.549383774416078774e+00	-1.872334192201314584e+00
2.012102163117035214e-01	-3.739773649992765847e-01
3.398430059861903718e+00	4.330071085262533259e+00
-1.628883559109285395e+00	-1.131472905876928781e-01
-5.660419459709947532e+00	-1.195860879709993885e+00
1.298074513133705699e+00	-5.573807733668243447e-01
-5.345196245531665946e-01	6.008846278234166505e+00
4.087146431010967973e+00	1.019773220930501934e+00
-5.079164804942554845e+00	3.594820157714241904e-01
-1.243827689206118553e-01	-4.211362502691763932e-01
1.455029472086702080e+00	-1.809161834483656028e-01
-3.562223399331315488e+00	-6.391426203616196178e-01
1.928493384828086299e+00	3.053133390719767526e+00
2.581832499580185125e+00	-1.925851463342639347e+00
-1.997667472029747371e+00	3.356859012811682419e+00
-2.616115998662774444e+00	-1.773381409313538049e+00
-2.901600569948437069e+00	3.401628101725472586e+00
1.611646278583239278e+00	1.253871694912285673e+00
-6.588292751589861496e-01	9.440113272216340556e-01
-7.134957257434201949e+00	-3.438819504337285449e-01
3.808565089273340476e+00	1.093057640336428715e+00
-8.767459608629802892e-01	-3.955081617384075265e-01
-1.812737197305603010e+00	-1.591869967186055002e+00
-2.305994148335162031e+00	2.923949153378280652e+00
1.435988712428382941e-01	4.444338291494354998e+00
2.127174209831910634e+00	5.128633541145423136e-01
2.369374430734602743e+00	1.267077617455184990e+00
-2.344213507759236315e+00	1.769886658869701535e+00
-4.575037602337653553e+00	3.648796787073544517e-03
-3.924476329821362519e+00	4.700799232625982427e+00
-2.572645683038943254e+00	2.394480157299617495e+00
-2.446145479748513374e+00	-3.628720789410422309e+00
-6.635713715403805502e+00	4.802917424553895809e-03
-4.840942328021092256e-01	3.848525114825688820e-01
9.659553445265997573e-02	5.549618803331101802e+00
-1.873103233293034409e+00	-1.051202705699043394e+00
-6.348702763510888580e+00	-4.056008166263596060e-01
-1.685127474918060031e+00	-1.463925597409909241e+00
-2.557187492686743724e+00	-1.124676230776718855e+00
-1.577387537805030160e+00	2.934742830118059587e+00
-1.087569857958213593e+00	4.133642020609638479e+00
-7.385173132946929453e-01	1.266431942702048952e+00
-2.391621006540435523e+00	-1.470078728402564483e+00
1.101097096331964953e-01	4.570583258393873943e-02
8.537992377652092735e-01	1.904742854871004143e+00
-3.540454075711063187e+00	4.115992688033014879e+00
3.519646763225286801e+00	3.792404940211730580e+00
-2.377594712112109487e+00	-8.915946035089959976e-01
-3.585826902090765156e+00	3.385429726004598905e+00
-1.791091122682021197e+00	-2.572530589137670631e+00
-5.394462344635266859e-01	4.917090702064995655e-01
-2.743921443571260443e+00	2.168553845984712236e+00
-1.826293934211407066e+00	7.942220182315371524e-01
1.793312026573031348e+00	-1.942001981427447399e+00
3.088334383488405166e+00	4.681309670540323431e-02
-5.992296696263168521e-01	4.205119797341185794e-01
-1.215898788642855610e+00	6.248523728832261703e+00
-4.704959493277661053e+00	2.361723233357253982e+00
3.405482219859703896e+00	1.103002173565208244e+00
-1.342828130076584581e-01	1.741307001257176745e+00
-6.474509611798626274e+00	8.535827634818315968e-01
3.648194158005803267e+00	5.224668848071744032e-01
3.319085597175312596e+00	1.169212322699678452e+00
-3.643543662527520155e+00	3.140250472903903578e+00
-1.080360005200772688e+00	-2.368134807093432936e+00
2.096690031447391966e+00	1.091826689641862247e+00
-7.232277641149426728e+00	-1.107847547796580873e-01
-1.333502710631634836e+00	4.743390417383054114e+00
3.558264859311231376e+00	1.662620446646512429e+00
2.877979466051233004e+00	2.282750195843671059e-01
1.113304978082586771e+00	-1.033173511013554924e+00
2.762685317450346290e+00	-3.541024689105379819e-01
-6.967345789788071952e-01	-1.387358276076468666e+00
-1.258548550423769896e+00	9.869537088028199623e-01
